1 0.150879 0.000000 0.159253 0.080916 0.174927 0.271868 0.189331 0.435458 0.189331 0.435531 0.205615 0.620696 0.222839 0.811154 0.240348 0.999817 0.195536 0.999817 0.189929 0.928883 0.172961 0.748645 0.155933 0.562875 0.155933 0.562747 0.140063 0.373608 0.123401 0.175385 0.109326 0.005769 0.108662 0.000000
0 0.123580 0.000000 0.123853 0.002418 0.137817 0.172033 0.154602 0.370549 0.154614 0.370568 0.170544 0.559927 0.187549 0.745842 0.204443 0.926337 0.204443 0.926355 0.210277 0.999817 0.205166 0.999817 0.199414 0.927454 0.182581 0.746850 0.165588 0.560916 0.165588 0.560897 0.149622 0.371520 0.132825 0.172985 0.118896 0.003388 0.118513 0.000000
0 0.140558 0.000000 0.149109 0.082527 0.164856 0.273755 0.179236 0.437436 0.179236 0.437454 0.195374 0.622802 0.212524 0.813608 0.229883 0.999817 0.224930 0.999817 0.207642 0.814524 0.190442 0.623773 0.174304 0.438443 0.159998 0.274817 0.144189 0.083553 0.144189 0.083535 0.135475 0.000000
1 0.387489 0.000000 0.390918 0.038846 0.407446 0.223608 0.407458 0.223718 0.423193 0.407637 0.439600 0.588993 0.439600 0.589066 0.455823 0.772692 0.472668 0.961319 0.472668 0.961392 0.475950 0.999817 0.428178 0.999817 0.424524 0.958974 0.424524 0.958883 0.407849 0.768626 0.392212 0.589451 0.374829 0.393480 0.358557 0.210879 0.358557 0.210788 0.343274 0.032308 0.340310 0.000000
0 0.355473 0.000000 0.358154 0.029432 0.358154 0.029451 0.373450 0.207839 0.389746 0.390476 0.407153 0.586465 0.422852 0.765330 0.439417 0.955641 0.443379 0.999817 0.438307 0.999817 0.434448 0.956777 0.434448 0.956740 0.417871 0.766355 0.402173 0.587473 0.384753 0.391465 0.368457 0.208773 0.353149 0.030256 0.350388 0.000000
0 0.377258 0.000000 0.380811 0.039927 0.397241 0.224725 0.397241 0.224744 0.413013 0.409322 0.429480 0.591337 0.429480 0.591355 0.445776 0.775604 0.462695 0.965311 0.462695 0.965330 0.465663 0.999817 0.460639 0.999817 0.457751 0.966264 0.440820 0.776575 0.424524 0.592326 0.408057 0.410348 0.408057 0.410330 0.392297 0.225788 0.375879 0.041026 0.372219 0.000000
1 0.337295 0.000000 0.352844 0.183516 0.369995 0.379158 0.387158 0.570183 0.387158 0.570256 0.403955 0.762015 0.419897 0.940055 0.419897 0.940110 0.425047 0.999817 0.378165 0.999817 0.368994 0.898150 0.353125 0.720092 0.353125 0.720073 0.337122 0.536648 0.308289 0.332491 0.309521 0.333498 0.302356 0.142784 0.302356 0.142729 0.290458 0.000000
0 0.305686 0.000000 0.317371 0.140073 0.334692 0.339542 0.352185 0.533608 0.352185 0.533645 0.368188 0.716886 0.383984 0.894780 0.393453 0.999817 0.388394 0.999817 0.379016 0.895842 0.363184 0.717930 0.347144 0.534634 0.318958 0.330385 0.319104 0.330513 0.312354 0.140952 0.312354 0.140934 0.300611 0.000000
0 0.327245 0.000000 0.342896 0.185458 0.360132 0.381227 0.377271 0.572161 0.394092 0.763736 0.410083 0.941484 0.410083 0.941502 0.415072 0.999817 0.410055 0.999817 0.405139 0.942436 0.389148 0.764689 0.372290 0.573150 0.355200 0.382271 0.355200 0.382253 0.337964 0.186520 0.322234 0.000000
1 0.236263 0.000000 0.245898 0.117363 0.263538 0.316905 0.263538 0.316941 0.279749 0.502711 0.296838 0.692582 0.296838 0.692637 0.313416 0.877930 0.324844 0.999817 0.278048 0.999817 0.261377 0.816465 0.244165 0.626538 0.229626 0.464158 0.220093 0.358242 0.220081 0.358077 0.206323 0.195366 0.190234 0.008333 0.190234 0.008278 0.189403 0.000000
0 0.204322 0.000000 0.204822 0.004927 0.220947 0.192106 0.220947 0.192143 0.234448 0.354908 0.243994 0.461044 0.243994 0.461062 0.258569 0.623828 0.275708 0.814267 0.292650 0.999817 0.287570 0.999817 0.270715 0.815311 0.253564 0.624835 0.238965 0.462051 0.229419 0.355879 0.229419 0.355842 0.215906 0.193022 0.199817 0.005806 0.199225 0.000000
0 0.226391 0.000000 0.236096 0.119505 0.253394 0.318736 0.253394 0.318755 0.269495 0.504707 0.286584 0.694908 0.303357 0.880220 0.314513 0.999817 0.309511 0.999817 0.298450 0.881136 0.298450 0.881117 0.281677 0.695842 0.264600 0.505696 0.248438 0.319744 0.231226 0.120623 0.221417 0.000000
1 0.285685 0.000000 0.293384 0.083333 0.309253 0.270055 0.325134 0.453077 0.341199 0.634670 0.358789 0.829121 0.374422 0.999817 0.327866 0.999817 0.316541 0.879377 0.316528 0.879322 0.299670 0.690733 0.283716 0.509982 0.267114 0.321813 0.267114 0.321795 0.252185 0.152161 0.239518 0.000000
0 0.254767 0.000000 0.267297 0.149542 0.281860 0.318700 0.298438 0.507015 0.298438 0.507033 0.314429 0.687949 0.331262 0.876667 0.342723 0.999817 0.337631 0.999817 0.326270 0.877747 0.326270 0.877729 0.309424 0.688974 0.293420 0.508022 0.276831 0.319634 0.262280 0.150440 0.249696 0.000000
0 0.275611 0.000000 0.283582 0.085549 0.299402 0.272143 0.315295 0.455092 0.331445 0.636484 0.349060 0.830641 0.364496 0.999817 0.359509 0.999817 0.344128 0.831593 0.326514 0.637454 0.310376 0.456099 0.294495 0.273187 0.278662 0.086593 0.270564 0.000000
