1 0.772132 0.999817 0.780554 0.693700 0.793567 0.675989 0.803503 0.692875 0.815186 0.677802 0.827417 0.697418 0.818573 0.999817
0 0.781764 0.999817 0.790234 0.694121 0.793054 0.690751 0.795178 0.694414 0.786518 0.999817
0 0.803292 0.999817 0.812146 0.696154 0.814661 0.692564 0.816589 0.696081 0.807984 0.999817
1 0.560265 0.000000 0.558459 0.054652 0.558447 0.054707 0.550330 0.311447 0.546960 0.448663 0.546960 0.448791 0.541455 0.634194 0.541455 0.634304 0.537402 0.753205 0.530281 0.999817 0.486787 0.999817 0.494067 0.750495 0.494067 0.750385 0.497925 0.632912 0.502466 0.469670 0.505884 0.308352 0.505896 0.307821 0.511841 0.160037 0.515811 0.000000
0 0.530832 0.000000 0.526831 0.161300 0.526831 0.161392 0.520886 0.309139 0.517432 0.470476 0.517432 0.470513 0.512842 0.633681 0.512842 0.633718 0.508948 0.751300 0.501619 0.999817 0.496677 0.999817 0.503992 0.751099 0.503992 0.751081 0.507874 0.633480 0.512451 0.470220 0.515881 0.308810 0.515894 0.308718 0.521838 0.160861 0.525827 0.000000
0 0.550184 0.000000 0.548425 0.054158 0.548425 0.054176 0.540320 0.310824 0.536963 0.448114 0.536963 0.448132 0.531470 0.633352 0.531470 0.633370 0.527466 0.752326 0.520365 0.999817 0.515409 0.999817 0.522498 0.751960 0.522498 0.751941 0.526514 0.633077 0.531958 0.447821 0.535303 0.310586 0.535303 0.310549 0.543433 0.053755 0.545162 0.000000
1 0.610104 0.000000 0.604907 0.183040 0.600085 0.358095 0.600085 0.358205 0.594971 0.517729 0.594971 0.517766 0.588721 0.701007 0.587561 0.758004 0.587561 0.758315 0.580017 0.999817 0.536654 0.999817 0.543945 0.755696 0.548816 0.598645 0.554382 0.411795 0.554382 0.411740 0.557483 0.312766 0.560889 0.194982 0.566040 0.011392 0.566040 0.011355 0.566421 0.000000
0 0.581328 0.000000 0.580859 0.013388 0.575757 0.196484 0.572363 0.314011 0.569250 0.412857 0.563623 0.599341 0.558704 0.755971 0.551364 0.999817 0.546468 0.999817 0.553796 0.755897 0.558691 0.599103 0.564294 0.412509 0.564294 0.412491 0.567407 0.313590 0.570789 0.196062 0.575928 0.012747 0.575928 0.012729 0.576367 0.000000
0 0.600086 0.000000 0.594885 0.182473 0.590088 0.357491 0.590088 0.357509 0.585022 0.517033 0.585022 0.517051 0.578772 0.700348 0.577588 0.757344 0.577588 0.757399 0.570047 0.999817 0.565119 0.999817 0.572668 0.757253 0.573792 0.700055 0.573792 0.699982 0.580042 0.516685 0.585144 0.357125 0.589917 0.182088 0.589917 0.182070 0.595105 0.000000
1 0.723830 0.999817 0.730408 0.766007 0.730432 0.765788 0.737061 0.600879 0.745752 0.317051 0.745752 0.316941 0.751929 0.111905 0.754480 0.027692 0.766736 0.010861 0.776978 0.028883 0.788611 0.012967 0.800525 0.032436 0.796912 0.160549 0.790662 0.374652 0.790662 0.374707 0.786658 0.491630 0.786658 0.491685 0.781128 0.639066 0.776685 0.768242 0.770248 0.999817
0 0.733477 0.999817 0.740161 0.766447 0.740173 0.766410 0.746753 0.601447 0.755371 0.317875 0.755371 0.317839 0.761816 0.112674 0.763574 0.029725 0.766406 0.025751 0.768591 0.029982 0.766943 0.112784 0.766943 0.112821 0.760266 0.318242 0.751660 0.601758 0.751660 0.601795 0.745044 0.766703 0.738341 0.999817
0 0.755175 0.999817 0.761914 0.767344 0.766211 0.638004 0.766211 0.637967 0.771838 0.490549 0.775842 0.373608 0.782275 0.159231 0.785937 0.030916 0.788391 0.027564 0.790686 0.031612 0.787329 0.159505 0.780774 0.373956 0.780774 0.373974 0.776721 0.490897 0.776721 0.490916 0.771130 0.638315 0.766846 0.767656 0.760123 0.999817
1 0.783374 0.617601 0.784656 0.478462 0.783228 0.375641 0.777637 0.181886 0.770227 0.032711 0.781531 0.013040 0.793958 0.029817 0.803748 0.013205 0.816626 0.031154 0.820667 0.122784 0.827295 0.273040 0.827307 0.273315 0.828711 0.320495 0.828711 0.321136 0.829895 0.521996 0.829883 0.522656 0.827441 0.697033 0.813977 0.714560 0.802979 0.697271 0.792188 0.712839 0.780554 0.693608
0 0.793079 0.617875 0.794556 0.478352 0.793213 0.375128 0.787732 0.180879 0.780078 0.031777 0.782471 0.027656 0.785181 0.031044 0.792615 0.180495 0.792615 0.180604 0.798047 0.374872 0.798047 0.374945 0.799792 0.478260 0.799792 0.478388 0.797876 0.617930 0.797864 0.618059 0.795178 0.694432 0.792810 0.698150 0.790234 0.694103
0 0.815405 0.522326 0.813904 0.321465 0.812537 0.274341 0.806616 0.123260 0.806616 0.123260 0.802063 0.032051 0.804382 0.028114 0.806909 0.031758 0.811292 0.123132 0.817322 0.273993 0.817322 0.274048 0.818738 0.321227 0.818738 0.321355 0.820398 0.522308 0.820398 0.522436 0.816577 0.696007 0.814429 0.699908 0.812146 0.696227
1 0.753927 0.000000 0.749719 0.153150 0.749719 0.153205 0.743921 0.369469 0.741431 0.424048 0.741406 0.424359 0.734131 0.628846 0.729736 0.764011 0.722792 0.999817 0.676369 0.999817 0.683557 0.760897 0.683569 0.760824 0.689209 0.601081 0.696851 0.366410 0.704053 0.133205 0.707300 0.008114 0.707657 0.000000
0 0.722605 0.000000 0.722180 0.009286 0.718774 0.134615 0.711621 0.367546 0.703833 0.601923 0.698206 0.761538 0.691015 0.999817 0.686166 0.999817 0.693359 0.761355 0.693359 0.761337 0.698962 0.601648 0.706738 0.367161 0.713940 0.134048 0.717236 0.008864 0.717641 0.000000
0 0.744005 0.000000 0.739868 0.152326 0.739868 0.152344 0.732837 0.369249 0.731604 0.423553 0.731604 0.423608 0.724365 0.628297 0.719958 0.763516 0.712858 0.999817 0.707870 0.999817 0.714978 0.763168 0.719385 0.627949 0.719385 0.627912 0.726685 0.423260 0.727856 0.368974 0.727856 0.368919 0.734912 0.151941 0.739057 0.000000
1 0.706875 0.000000 0.706726 0.007198 0.706726 0.007399 0.701514 0.192363 0.701514 0.192381 0.695923 0.365275 0.691125 0.528919 0.691125 0.529066 0.685095 0.698956 0.685095 0.699084 0.682495 0.758938 0.675030 0.999817 0.629208 0.999817 0.636731 0.756337 0.638696 0.693077 0.638708 0.692930 0.643872 0.546355 0.650842 0.305073 0.650854 0.304927 0.654944 0.182729 0.659957 0.000000
0 0.674951 0.000000 0.670105 0.183480 0.670105 0.183516 0.666003 0.305897 0.658740 0.547344 0.658740 0.547363 0.653467 0.693828 0.651465 0.757015 0.643945 0.999817 0.639077 0.999817 0.646582 0.756850 0.648572 0.693608 0.648572 0.693590 0.653833 0.547051 0.661084 0.305495 0.661084 0.305458 0.665186 0.183022 0.670017 0.000000
0 0.697002 0.000000 0.696863 0.006410 0.696863 0.006447 0.691431 0.191777 0.691431 0.191795 0.686084 0.364542 0.681238 0.528333 0.681238 0.528370 0.675073 0.698077 0.675073 0.698114 0.672668 0.758315 0.665198 0.999817 0.660242 0.999817 0.667700 0.757949 0.667700 0.757912 0.670154 0.697766 0.676282 0.528022 0.681042 0.364249 0.681042 0.364212 0.686487 0.191355 0.691931 0.005971 0.692049 0.000000
1 0.848641 0.000000 0.847717 0.020678 0.843738 0.171227 0.843738 0.171282 0.837085 0.376685 0.831580 0.538315 0.827417 0.697454 0.813721 0.714560 0.803113 0.697125 0.792126 0.712839 0.780566 0.693535 0.787476 0.507161 0.791528 0.373938 0.791528 0.373846 0.796362 0.216667 0.802161 0.000000
0 0.816720 0.000000 0.811292 0.217674 0.811279 0.217692 0.806311 0.374927 0.802100 0.508132 0.802100 0.508150 0.795178 0.694451 0.792798 0.698150 0.790234 0.694084 0.797510 0.507875 0.801477 0.374560 0.801477 0.374542 0.806213 0.217418 0.811867 0.000000
0 0.838746 0.000000 0.837866 0.019908 0.833972 0.170421 0.833972 0.170440 0.827820 0.375842 0.822302 0.537802 0.816589 0.696099 0.814368 0.699908 0.812146 0.696154 0.817883 0.537601 0.822876 0.375495 0.822876 0.375476 0.829651 0.169542 0.833032 0.019414 0.833880 0.000000
1 0.815771 0.000000 0.816614 0.031081 0.805652 0.050110 0.792786 0.034011 0.783545 0.049927 0.770227 0.032564 0.769225 0.000000
0 0.784274 0.000000 0.785181 0.031081 0.782788 0.035165 0.780078 0.031758 0.779119 0.000000
0 0.806009 0.000000 0.806909 0.031740 0.804639 0.035659 0.802063 0.032070 0.801168 0.000000
1 0.801923 0.000000 0.800525 0.032418 0.787927 0.049707 0.777173 0.032619 0.765796 0.048132 0.754492 0.027546 0.755574 0.000000
0 0.769874 0.000000 0.768591 0.030000 0.766162 0.033297 0.763574 0.029707 0.764823 0.000000
0 0.792008 0.000000 0.790686 0.031593 0.788171 0.035037 0.785937 0.030916 0.787244 0.000000
1 0.801620 0.000000 0.800537 0.031905 0.788184 0.049853 0.776892 0.032582 0.766150 0.048187 0.754468 0.028150 0.755130 0.000000
0 0.769448 0.000000 0.768591 0.029890 0.766235 0.033297 0.763586 0.029799 0.764409 0.000000
0 0.791778 0.000000 0.790674 0.031502 0.788232 0.035055 0.785937 0.031007 0.786916 0.000000
1 0.816704 0.000000 0.816650 0.031612 0.805396 0.050000 0.793079 0.033956 0.783179 0.049945 0.770190 0.032015 0.770074 0.000000
0 0.785090 0.000000 0.785181 0.031190 0.782703 0.035165 0.780066 0.031648 0.780027 0.000000
0 0.806899 0.000000 0.806921 0.031850 0.804565 0.035659 0.802063 0.031960 0.802038 0.000000
