1 0.736332 0.999817 0.737964 0.936777 0.741211 0.852344 0.753955 0.834524 0.763940 0.851062 0.774878 0.836703 0.786426 0.855714 0.780609 0.999817
0 0.745992 0.999817 0.747571 0.937051 0.750745 0.852546 0.753503 0.849322 0.755579 0.852766 0.752344 0.937161 0.750813 0.999817
0 0.765969 0.999817 0.771594 0.854597 0.774353 0.851355 0.776477 0.854890 0.770934 0.999817
1 0.620510 0.000000 0.616980 0.132692 0.616980 0.132747 0.611536 0.317985 0.606128 0.505220 0.606128 0.505256 0.600378 0.686941 0.594641 0.866648 0.594641 0.866667 0.590191 0.999817 0.547344 0.999817 0.548938 0.946282 0.554102 0.765604 0.554102 0.765476 0.560034 0.582253 0.565002 0.402839 0.565002 0.402802 0.570471 0.210018 0.570471 0.209963 0.575488 0.041209 0.576820 0.000000
0 0.591845 0.000000 0.590454 0.042106 0.585413 0.210952 0.579932 0.403736 0.574890 0.583187 0.574890 0.583205 0.568872 0.766374 0.563635 0.947033 0.563635 0.947051 0.562056 0.999817 0.557185 0.999817 0.558765 0.947051 0.563977 0.766209 0.563977 0.766190 0.569971 0.582930 0.574988 0.403407 0.580457 0.210568 0.580457 0.210549 0.585498 0.041667 0.586863 0.000000
0 0.610479 0.000000 0.606995 0.132143 0.606995 0.132161 0.601514 0.317436 0.596191 0.504579 0.590417 0.686117 0.584802 0.865952 0.580377 0.999817 0.575475 0.999817 0.579883 0.865641 0.585510 0.685879 0.591211 0.504249 0.596533 0.317106 0.602051 0.131722 0.605517 0.000000
1 0.670396 0.000000 0.669556 0.020531 0.664368 0.209524 0.664355 0.209579 0.658374 0.397564 0.652576 0.588040 0.647021 0.767509 0.647021 0.767564 0.640662 0.953736 0.640662 0.953773 0.639346 0.999817 0.596414 0.999817 0.596545 0.994597 0.596545 0.994524 0.602600 0.815824 0.608167 0.631209 0.608167 0.631099 0.613696 0.461007 0.618555 0.280568 0.618555 0.280385 0.624243 0.101447 0.626782 0.000000
0 0.641478 0.000000 0.638953 0.103059 0.638953 0.103095 0.633203 0.281868 0.628345 0.461941 0.628345 0.461978 0.622705 0.631667 0.617200 0.816190 0.617200 0.816209 0.611035 0.994524 0.610903 0.999817 0.606042 0.999817 0.606177 0.994377 0.606177 0.994359 0.612354 0.816136 0.617834 0.631447 0.617834 0.631429 0.623462 0.461630 0.628296 0.281465 0.628296 0.281429 0.634094 0.102418 0.636591 0.000000
0 0.660411 0.000000 0.659607 0.019890 0.654492 0.208773 0.654492 0.208791 0.648779 0.396777 0.642786 0.587473 0.637231 0.767033 0.637231 0.767051 0.630908 0.953187 0.630908 0.953205 0.629556 0.999817 0.624613 0.999817 0.625989 0.952802 0.632312 0.766740 0.637854 0.587179 0.643823 0.396429 0.649524 0.208443 0.654639 0.019579 0.654639 0.019560 0.655422 0.000000
1 0.688988 0.999817 0.689514 0.986905 0.695239 0.820421 0.698804 0.734927 0.711475 0.716813 0.721692 0.733718 0.733362 0.718645 0.745203 0.738223 0.741345 0.821520 0.737268 0.932381 0.734670 0.999817
0 0.698809 0.999817 0.699329 0.987619 0.705176 0.821190 0.708154 0.734817 0.710974 0.731575 0.713354 0.735476 0.710156 0.821575 0.704211 0.987894 0.704211 0.987930 0.703700 0.999817
0 0.720102 0.999817 0.722595 0.931538 0.722595 0.931520 0.726770 0.820806 0.726770 0.820788 0.730249 0.736978 0.732751 0.733352 0.734766 0.736850 0.731628 0.821026 0.727612 0.932070 0.724962 0.999817
1 0.694913 0.999817 0.694922 0.927253 0.694922 0.926868 0.696106 0.838663 0.696106 0.838443 0.698767 0.735275 0.711194 0.716758 0.721887 0.733718 0.733142 0.718645 0.745166 0.737839 0.741870 0.840000 0.740796 0.922198 0.740552 0.999817
0 0.704735 0.999817 0.704980 0.927637 0.704980 0.927564 0.706287 0.839414 0.706287 0.839377 0.708154 0.734890 0.710925 0.731575 0.713354 0.735385 0.710974 0.839066 0.709692 0.927125 0.709546 0.999817
0 0.725925 0.999817 0.726367 0.922857 0.726367 0.922784 0.727393 0.840092 0.727393 0.840000 0.730249 0.737051 0.732703 0.733352 0.734778 0.736795 0.732104 0.839835 0.730945 0.922143 0.730744 0.999817
1 0.767431 0.000000 0.765906 0.071758 0.765906 0.071886 0.760339 0.254121 0.755493 0.438443 0.755505 0.438553 0.752026 0.535952 0.745203 0.738132 0.731946 0.755440 0.721191 0.737839 0.710266 0.753810 0.698804 0.734890 0.705066 0.533956 0.705066 0.533901 0.713452 0.283315 0.718176 0.101850 0.718176 0.101777 0.721007 0.000000
0 0.735812 0.000000 0.733020 0.102967 0.728333 0.284341 0.728333 0.284359 0.719946 0.534963 0.713354 0.735476 0.710730 0.738974 0.708154 0.734817 0.715063 0.534634 0.723474 0.283938 0.728101 0.102546 0.728101 0.102527 0.730924 0.000000
0 0.757540 0.000000 0.755908 0.071209 0.755908 0.071227 0.750708 0.253187 0.745349 0.437802 0.745337 0.437839 0.741724 0.535128 0.734766 0.736832 0.732520 0.740769 0.730249 0.737015 0.736768 0.534799 0.736780 0.534780 0.740344 0.437473 0.745728 0.252857 0.750989 0.070806 0.752578 0.000000
1 0.814978 0.000000 0.808521 0.220586 0.795447 0.238407 0.786011 0.223407 0.774622 0.239359 0.762830 0.219762 0.768702 0.000000
0 0.783294 0.000000 0.777271 0.221172 0.774939 0.224524 0.772449 0.220714 0.778457 0.000000
0 0.804702 0.000000 0.798352 0.220055 0.795850 0.223535 0.793372 0.219707 0.799789 0.000000
1 0.860847 0.000000 0.856531 0.182747 0.856531 0.182857 0.850488 0.369799 0.844250 0.543352 0.836340 0.784762 0.836340 0.784817 0.828552 0.964670 0.828552 0.964725 0.826807 0.999817 0.782761 0.999817 0.784082 0.940751 0.791199 0.762912 0.791199 0.762857 0.798230 0.565256 0.815569 0.000000
0 0.829828 0.000000 0.812720 0.566172 0.805396 0.763315 0.798291 0.940989 0.797012 0.999817 0.792219 0.999817 0.793494 0.940788 0.800623 0.763132 0.800623 0.763114 0.807898 0.565879 0.825023 0.000000
0 0.851425 0.000000 0.846985 0.181832 0.846973 0.181850 0.840930 0.368993 0.834741 0.542766 0.826135 0.783736 0.826135 0.783755 0.818555 0.963626 0.816828 0.999817 0.811968 0.999817 0.813684 0.963278 0.821216 0.783407 0.829871 0.542454 0.829871 0.542436 0.835999 0.368626 0.842102 0.181429 0.846521 0.000000
1 0.906677 0.000000 0.903491 0.143223 0.903491 0.143315 0.890796 0.548828 0.882874 0.762198 0.875085 0.947784 0.875073 0.947894 0.872395 0.999817 0.828949 0.999817 0.829321 0.967912 0.836670 0.784835 0.836682 0.784744 0.844263 0.573828 0.861470 0.000000
0 0.875936 0.000000 0.858716 0.574744 0.850586 0.785000 0.843262 0.967821 0.842939 0.999817 0.838249 0.999817 0.838586 0.967802 0.845801 0.784799 0.845801 0.784780 0.853821 0.574414 0.871235 0.000000
0 0.896975 0.000000 0.893823 0.142418 0.893823 0.142436 0.881213 0.548223 0.873059 0.761520 0.865344 0.947125 0.865344 0.947143 0.862700 0.999817 0.857914 0.999817 0.860547 0.946886 0.868262 0.761282 0.876343 0.547894 0.888965 0.142033 0.892009 0.000000
