1 0.999878 0.000000 0.999878 0.999817 0.981944 0.999817 0.978638 0.846538 0.978638 0.846374 0.974402 0.662454 0.974402 0.662125 0.970764 0.454414 0.970764 0.454176 0.968628 0.293681 0.968628 0.293407 0.967053 0.119451 0.967065 0.118974 0.967024 0.000000
0 0.999878 0.349239 0.998364 0.240769 0.998364 0.240696 0.997058 0.065513 0.997058 0.065440 0.999878 0.030834
0 0.981561 0.000000 0.981726 0.119451 0.983374 0.293260 0.985327 0.453681 0.988855 0.661245 0.993140 0.845147 0.996090 0.999817 0.991439 0.999817 0.988501 0.845751 0.988513 0.845733 0.984094 0.661648 0.984094 0.661575 0.980566 0.453919 0.980566 0.453864 0.978552 0.293352 0.978564 0.293278 0.976990 0.119304 0.976990 0.119212 0.976899 0.000000
1 0.962952 0.000000 0.962952 0.143810 0.964514 0.336245 0.966968 0.523938 0.971155 0.699359 0.975415 0.896172 0.977577 0.999817 0.933386 0.999817 0.928577 0.845476 0.928577 0.845147 0.923767 0.631978 0.923755 0.631740 0.920166 0.448462 0.920166 0.448260 0.917859 0.282912 0.917859 0.282436 0.917468 0.028846 0.917505 0.028297 0.919387 0.000000
0 0.953819 0.000000 0.953857 0.143187 0.955225 0.336300 0.957947 0.524542 0.961536 0.700147 0.966162 0.897454 0.968404 0.999817 0.963488 0.999817 0.961267 0.897857 0.961255 0.897821 0.956738 0.700568 0.956738 0.700531 0.952905 0.524817 0.952905 0.524744 0.950085 0.336502 0.950085 0.336429 0.948889 0.143205 0.948889 0.143132 0.948957 0.000000
0 0.934934 0.000000 0.932983 0.028242 0.933459 0.282125 0.935815 0.447711 0.939136 0.631227 0.943799 0.844615 0.948112 0.999817 0.943476 0.999817 0.939038 0.845147 0.939026 0.845073 0.934473 0.631648 0.934473 0.631612 0.931262 0.447930 0.931262 0.447894 0.928931 0.282070 0.928931 0.281978 0.928235 0.027967 0.928247 0.027857 0.930134 0.000000
1 0.716842 0.000000 0.718909 0.027766 0.742285 0.245403 0.765247 0.443791 0.793762 0.674927 0.817200 0.855183 0.834900 0.992967 0.835988 0.999817 0.789816 0.999817 0.771216 0.862344 0.771179 0.862070 0.741406 0.630165 0.741357 0.629908 0.711450 0.383480 0.711414 0.383205 0.688989 0.187711 0.688940 0.187271 0.670850 0.007198 0.670837 0.007125 0.670275 0.000000
0 0.707350 0.000000 0.709546 0.028974 0.732812 0.247527 0.755872 0.446429 0.784509 0.678150 0.808179 0.858974 0.826318 0.997601 0.826665 0.999817 0.821548 0.999817 0.821411 0.998938 0.821399 0.998938 0.803455 0.860623 0.803455 0.860604 0.779602 0.679579 0.779590 0.679524 0.750952 0.447802 0.750952 0.447747 0.727832 0.248846 0.727820 0.248791 0.704553 0.030238 0.704553 0.030165 0.702253 0.000000
0 0.685336 0.000000 0.685632 0.003883 0.703882 0.183736 0.726245 0.379359 0.756274 0.626007 0.785962 0.858132 0.804907 0.999817 0.799998 0.999817 0.781201 0.859744 0.781201 0.859689 0.751465 0.627473 0.751465 0.627418 0.721436 0.380659 0.721423 0.380604 0.698999 0.184908 0.698987 0.184817 0.680823 0.004670 0.680823 0.004652 0.680463 0.000000
1 0.425060 0.000000 0.472107 0.120055 0.472156 0.120183 0.518433 0.241575 0.518506 0.241795 0.553247 0.336062 0.553345 0.336319 0.599060 0.465311 0.599255 0.465861 0.631458 0.565623 0.631555 0.565934 0.667957 0.683480 0.668079 0.683864 0.692993 0.769670 0.693152 0.770201 0.719702 0.870696 0.719751 0.870879 0.742407 0.959670 0.742493 0.960055 0.751913 0.999817 0.703267 0.999817 0.670984 0.872216 0.624438 0.706832 0.578589 0.561520 0.529736 0.417546 0.454907 0.214707 0.371116 0.000000
0 0.413564 0.000000 0.463501 0.127509 0.463513 0.127527 0.509790 0.248828 0.509814 0.248864 0.544568 0.343187 0.544592 0.343242 0.590259 0.472289 0.590295 0.472399 0.622742 0.572326 0.622754 0.572399 0.659180 0.690037 0.659192 0.690110 0.684058 0.775806 0.684082 0.775916 0.710828 0.876722 0.710840 0.876758 0.733398 0.965348 0.733423 0.965421 0.741577 0.999817 0.736340 0.999817 0.728748 0.967821 0.706152 0.879286 0.679456 0.778645 0.654602 0.693040 0.618237 0.575531 0.585828 0.475733 0.540198 0.346813 0.505457 0.252582 0.459229 0.131465 0.407784 0.000000
0 0.388382 0.000000 0.467834 0.203443 0.467859 0.203516 0.542908 0.406960 0.542944 0.407070 0.591992 0.551667 0.592029 0.551758 0.638049 0.697766 0.638086 0.697912 0.684790 0.864121 0.684827 0.864249 0.719091 0.999817 0.713848 0.999817 0.680286 0.867070 0.633545 0.700879 0.587561 0.555000 0.538538 0.410513 0.463513 0.207106 0.382662 0.000000
1 0.365983 0.000000 0.404358 0.097326 0.447632 0.206777 0.447729 0.207033 0.490417 0.319066 0.490527 0.319359 0.534009 0.438535 0.534155 0.438974 0.567261 0.536081 0.567383 0.536484 0.593481 0.618004 0.593591 0.618370 0.632581 0.747674 0.632751 0.748278 0.686670 0.947198 0.686804 0.947729 0.699603 0.999817 0.650543 0.999817 0.637305 0.946209 0.598901 0.805238 0.557092 0.664963 0.521570 0.556154 0.489502 0.462619 0.436572 0.319267 0.389087 0.195293 0.336609 0.061465 0.312757 0.000000
0 0.354532 0.000000 0.395630 0.104304 0.438989 0.213956 0.439001 0.214011 0.481763 0.326245 0.481775 0.326300 0.525305 0.445659 0.525330 0.445751 0.558472 0.542949 0.558496 0.543040 0.584607 0.624579 0.584619 0.624652 0.623682 0.754066 0.623718 0.754194 0.677808 0.953462 0.677832 0.953571 0.689221 0.999817 0.684052 0.999817 0.673474 0.956886 0.619360 0.757601 0.580249 0.628059 0.554102 0.546429 0.520959 0.449176 0.477380 0.329689 0.434570 0.217289 0.391187 0.107546 0.391187 0.107527 0.348824 0.000000
0 0.330009 0.000000 0.349219 0.049597 0.401904 0.183901 0.401917 0.183938 0.449500 0.308114 0.449512 0.308168 0.502612 0.452033 0.502649 0.452125 0.534937 0.546300 0.534961 0.546374 0.570605 0.655641 0.570642 0.655751 0.612695 0.797033 0.612720 0.797143 0.651282 0.938956 0.651318 0.939048 0.666281 0.999817 0.661049 0.999817 0.646753 0.941813 0.608191 0.800073 0.566150 0.658901 0.530505 0.549670 0.498242 0.455586 0.445166 0.311777 0.397595 0.187582 0.344946 0.053388 0.324253 0.000000
